4294967278,131
4294967278,127
4294967278,125
4294967278,124
4294967278,123
4294967278,122
4294967278,118
4294967278,116
4294967278,115
4294967278,114
4294967278,113
4294967278,108
4294967278,106
122,6
4294967294,160
4294967278,186
4294967279,168
4294967278,154
4294967279,149
4294967278,148
4294967279,145
4294967278,104
4294967278,103
4294967278,102
4294967278,101
4294967278,98
4294967278,93
4294967278,91
4294967278,90
4294967278,89
4294967278,85
4294967278,83
4294967278,82
4294967278,81
4294967278,80
4294967278,78
4294967278,75
4294967278,70
4294967278,65
4294967278,59
4294967278,57
4294967278,55
4294967278,54
4294967278,48
4294967278,46
4294967278,45
4294967278,44
4294967278,0
4294967278,259
4294967278,318
4294967279,17
4294967279,9
4294967279,8
4294967279,6
73,2
253,2
4294967278,130
4294967278,129
4294967278,128
4294967278,126
4294967278,121
4294967278,120
4294967278,119
4294967279,343
4294967279,373
189,6
220,4
167,4
4294967294,76
67,4
4294967294,42
4294967294,51
4294967294,82
4294967294,83
4294967278,117
4294967278,112
4294967278,111
4294967278,110
4294967278,109
4294967278,107
4294967278,105
4294967278,99
4294967278,97
4294967278,92
4294967279,368
62,2
73,4
73,6
537,7
537,0
537,6
4294967278,137
344,2
253,4
4294967278,443
204,7
204,0
4294967278,442
4294967279,515
4294967279,514
186,2
62,4
344,5
344,4
226,2
204,6
204,1
204,5
351,2
204,2
4294967278,87
4294967278,86
4294967278,84
4294967278,319
4294967278,76
4294967278,372
4294967278,68
4294967278,66
4294967278,64
4294967278,53
4294967278,52
4294967278,43
4294967278,42
4294967278,41
4294967279,15
4294967279,12
4294967279,10
4294967279,4
186,4
213,4
4294967278,248
226,5
226,4
351,4
204,4
4294967294,491
83,4
4294967278,439
2,4
4294967294,1454
4294967294,1431
557,5
557,4
557,3
557,2
557,1
4294967279,364
556,4
556,3
556,2
556,1
4294967294,502
4294967294,112
4294967294,187
4294967294,464
554,7
554,6
554,5
554,4
554,3
554,2
554,1
4294967278,244
4294967278,436
4294967278,242
113,3
4294967279,359
4294967278,435
4294967278,240
224,3
4294967278,237
542,0
4294967279,356
4294967294,189
4294967278,235
4294967279,169
553,8
4294967278,165
553,7
123,3
4294967294,501
553,6
553,5
553,4
553,3
553,2
553,1
4294967279,155
552,5
4294967278,434
552,4
552,3
552,2
552,1
4294967278,441
4294967278,341
4294967278,100
4294967278,96
4294967278,95
4294967278,94
4294967278,79
4294967278,77
4294967278,74
4294967278,73
4294967278,72
4294967278,71
4294967278,69
4294967278,67
4294967278,63
4294967278,62
4294967278,61
4294967278,51
4294967278,50
4294967278,40
4294967278,39
4294967278,440
4294967279,349
4294967279,21
4294967278,233
4294967279,135
550,5
4294967279,275
550,4
550,3
550,2
550,1
4294967278,231
4294967278,227
250,4
544,5
4294967278,332
548,5
548,4
548,3
548,2
548,1
4294967278,307
4294967278,225
4294967279,209
4294967278,437
518,0
518,11
518,10
514,0
514,7
4294967294,499
4294967278,221
544,4
544,3
544,2
544,1
4294967294,498
4294967279,188
4294967279,184
4294967279,183
4294967279,182
4294967278,433
4294967279,178
4294967279,525
4294967279,355
541,9
4294967279,167
4294967278,383
542,6
542,5
542,4
542,3
542,2
542,1
4294967279,157
4294967279,351
4294967279,350
541,8
541,7
541,6
541,5
541,4
541,3
541,2
541,1
3,8
3,0
532,0
4294967278,382
4294967294,166
4294967294,24
4294967294,409
4294967294,462
540,7
4294967278,133
539,8
540,6
4294967294,1453
539,7
4294967294,497
4294967278,263
540,5
540,4
540,3
540,2
540,1
322,4
539,6
539,5
4294967278,345
539,4
539,3
539,2
539,1
4294967279,346
538,5
538,4
538,3
538,2
538,1
37,4
4294967279,345
4294967278,222
537,5
537,4
537,3
537,2
537,1
4294967278,60
4294967278,58
4294967278,56
4294967278,49
4294967278,381
4294967294,1032
4294967279,341
4294967278,380
4294967278,379
535,4
535,3
535,2
535,1
534,6
534,5
534,4
534,3
534,2
534,1
4294967294,1441
4294967279,340
4294967278,377
4294967294,1446
4294967278,173
4294967278,297
4294967278,47
4294967279,163
532,5
532,4
532,3
532,2
532,1
4294967279,300
4294967294,496
4294967279,154
4294967279,375
101,4
4294967279,148
365,0
4294967279,144
461,0
461,6
406,0
406,5
4294967294,115
515,0
515,8
4294967279,335
4294967278,268
530,4
530,3
530,2
530,1
4294967294,1438
4294967279,290
4294967279,334
4294967279,256
4294967279,242
4294967279,243
4294967294,104
4294967294,106
4294967294,184
4294967278,238
4294967294,52
489,0
4294967294,495
4294967279,231
4294967279,363
516,0
4294967278,224
4294967279,225
4294967279,223
4294967278,330
4294967279,215
4294967279,214
4294967279,213
527,5
527,4
527,3
527,2
527,1
4294967278,132
4294967279,234
4294967278,374
4294967279,204
525,6
525,5
525,4
525,3
525,2
525,1
4294967294,1425
4294967294,457
4294967294,180
4294967294,976
4294967279,172
4294967294,169
4294967294,456
4294967294,1424
4294967294,494
489,6
4294967278,371
4294967279,162
4294967278,370
4294967294,463
523,6
523,5
523,4
523,3
523,2
523,1
4294967294,493
4294967278,432
4294967279,517
4294967279,323
344,3
37,3
37,0
37,1
37,5
37,2
4294967278,366
4294967278,350
4294967279,257
520,5
520,4
4294967279,314
520,3
520,2
520,1
4294967279,319
510,6
4294967279,318
4294967279,241
519,6
519,5
519,4
519,3
519,2
519,1
4294967294,385
4294967278,219
518,9
518,8
518,7
518,6
518,5
518,4
518,3
518,2
518,1
4294967279,574
4294967278,363
4294967294,1430
4294967294,992
516,5
516,4
516,3
516,2
516,1
189,3
250,3
4294967294,1471
515,7
515,6
515,5
515,4
515,3
515,2
515,1
4294967294,1434
4294967294,173
4294967294,162
4294967294,1470
4294967279,164
514,6
514,5
514,4
514,3
514,2
514,1
4294967294,1469
4294967278,298
513,6
513,5
513,4
513,2
513,1
4294967294,505
4294967278,429
4294967294,455
4294967294,449
4294967278,144
4294967294,1468
512,7
512,6
512,5
512,4
512,3
512,2
512,1
4294967279,232
4294967279,544
4294967279,7
4294967279,5
4294967294,1467
511,7
511,6
511,5
511,4
511,3
511,2
511,1
4294967278,396
510,5
510,4
510,3
510,2
510,1
509,5
4294967294,127
4294967294,18
4294967294,11
4294967279,312
4294967278,256
4294967279,313
509,4
509,3
509,2
509,1
147,4
4294967294,458
4294967278,2
4294967278,174
508,6
508,5
508,4
508,3
508,2
508,1
4294967279,308
4294967279,216
4294967278,214
4294967279,305
4294967294,170
4294967278,289
4294967279,205
4294967279,303
4294967279,301
4294967278,431
4294967279,372
4294967278,292
4294967278,430
4294967278,373
4294967294,490
4294967294,1
4294967278,160
4294967294,392
4294967278,303
4294967279,299
4294967279,152
501,5
501,4
501,3
501,2
501,1
4294967278,393
4294967278,143
4294967279,143
4294967278,142
4294967279,142
4294967278,141
4294967279,141
4294967278,140
4294967279,342
4294967279,298
4294967278,275
4294967279,291
4294967294,46
4294967294,407
4294967294,459
4294967294,190
4294967278,338
4294967278,346
4294967278,343
4294967294,1428
4294967279,227
4294967294,403
4294967294,415
4294967279,330
3,7
3,2
4294967279,296
4294967294,489
4294967294,985
4294967279,228
4294967278,361
4294967278,360
326,4
4294967279,295
4294967279,344
492,4
492,2
492,1
4294967279,292
4294967278,359
4294967294,488
491,6
491,5
491,4
491,2
491,1
4294967278,357
4294967294,452
4294967278,353
4294967294,419
4294967278,352
0,5
489,5
4294967278,394
4294967279,571
489,4
489,3
489,2
489,1
4294967294,2
4294967278,351
4294967278,151
4294967279,151
4294967278,150
4294967279,150
4294967279,288
4294967294,22
4294967294,17
4294967294,99
4294967294,41
4294967294,67
4294967294,0
4294967294,90
4294967294,86
4294967294,84
4294967294,1154
4294967294,1022
4294967294,28
4294967294,27
4294967294,7
4294967279,287
4294967294,972
4294967294,25
4294967294,26
4294967294,53
4294967294,45
4294967294,44
4294967294,43
4294967279,285
4294967294,487
4294967294,6
344,0
4294967279,271
486,6
4294967294,175
4294967278,280
4294967279,284
4294967279,283
4294967279,282
486,5
4294967278,316
486,4
486,3
486,2
486,1
4294967278,277
4294967278,425
4294967294,96
4294967294,94
4294967278,347
4294967294,485
4294967279,237
483,5
483,4
483,3
483,2
483,1
4294967278,230
222,4
482,4
482,3
482,2
482,1
481,6
481,5
481,4
481,2
481,1
4294967279,560
4294967294,1040
4294967294,163
4294967278,428
4294967279,259
4294967279,286
4294967294,1466
478,9
478,8
478,7
478,6
478,5
4294967279,179
478,4
478,2
478,1
0,7
4294967278,397
4294967279,171
293,3
309,3
4294967279,159
476,6
476,5
476,4
476,2
476,1
4294967278,344
4294967278,149
4294967279,370
475,5
475,4
475,3
475,2
475,1
4294967278,134
154,3
